.Random.seed <-
c(403L, 10L, 1608061989L, -960194241L, 1746149062L, 163902288L, 
1848642419L, -672129647L, -409993280L, 123722142L, 216908649L, 
-1787258981L, -1922679126L, 1088657612L, -166205041L, 1348509125L, 
-1957379716L, 1629770194L, 807660877L, 1567707143L, -1844035602L, 
635602632L, -1271006773L, -852562903L, 1361558136L, -711481434L, 
1234514369L, -1472108973L, 661597442L, 1261624372L, -1059193417L, 
-473984595L, 1374008004L, -3594518L, 520620373L, 701865711L, 
1916067062L, 2040319008L, -1715057181L, -872632703L, -66615056L, 
965085070L, 1205516537L, -1842011509L, -1199889734L, 1927777724L, 
-1027885313L, 1957706325L, -903316116L, 318633410L, 482620957L, 
292105879L, 1658267646L, -1010191432L, -983814245L, 138343929L, 
1590785352L, -1419968394L, -1516048975L, 1049023459L, 718573746L, 
-2104328956L, -1953980857L, 95054109L, 701917076L, -677385414L, 
1455060869L, 560866399L, -2079150362L, -334539408L, 1700830867L, 
71952177L, 150298080L, 900139646L, -1451386615L, 2107652923L, 
-1334668534L, -1404257556L, 899823471L, 1802467493L, -1300336036L, 
-1222868430L, 150186285L, -2075447321L, -2100570354L, -929429272L, 
-160621845L, -789433463L, -408203496L, -1539526074L, -1235193183L, 
813561139L, 1013779618L, -934222956L, -794166761L, -652771827L, 
920836900L, -1839773942L, -1553806731L, -1280001585L, 594150102L, 
1506764416L, 1375955139L, 1913374305L, 2025856720L, -1292924882L, 
1095122393L, 21324267L, 958915674L, 1445223964L, -1389203681L, 
1067533173L, -319362548L, -1989252126L, 1889638589L, 1586825015L, 
1384566750L, 1847950616L, -1742483333L, -1275836903L, 36007592L, 
-58975146L, -539051823L, -119511933L, 422446866L, -723574108L, 
-605688217L, -908894275L, -1708043980L, -115420518L, 27758821L, 
144085631L, 1952668678L, 1944596368L, 1788826163L, 1374308817L, 
159193984L, -31992226L, 689278377L, -1531044773L, -208239510L, 
-587465460L, 1596628815L, -205988859L, -511720772L, -930606190L, 
1879199885L, -1285495097L, -404557906L, 1248664072L, -1537384949L, 
1198544617L, -2031111752L, -2132947354L, -1746662655L, 370433427L, 
-690981310L, 1561045492L, -871984137L, -1398413331L, -749895548L, 
-477276502L, 1432226837L, 300727471L, 1887335094L, 1684615392L, 
-1291289565L, 1808171841L, -192541136L, -1654674354L, 1954800825L, 
-1440194357L, 1250102650L, 1652510844L, -2024672065L, 1028620693L, 
-1680242260L, 334797698L, 1232773469L, 182100055L, 1229731646L, 
1151811448L, -1741417381L, -1793285191L, 278159880L, 211519670L, 
1488138225L, 1177983523L, -1863708046L, -1632040764L, 961879687L, 
1731515997L, 1087993940L, -1854764422L, -809340475L, -1651367137L, 
1645153958L, -1463246800L, 1776190163L, 647641329L, 1974551584L, 
1482179262L, -2136463671L, -1937644421L, 126671434L, 1683250860L, 
-511534673L, -818679451L, 1446321948L, 1768964978L, 1003569133L, 
-1110527961L, 319383630L, -177746776L, -30465365L, 2020009929L, 
-1661543464L, -1925830010L, 2072382305L, -708391181L, 656609634L, 
533483476L, -1524540713L, 1324769485L, -1984210844L, 600290890L, 
-1965325387L, -1277960433L, 213048342L, -695956204L, -1752782526L, 
-1343716608L, 355408828L, -1148110000L, -1749712606L, 1675746632L, 
1438054412L, -1995229092L, -1434934062L, 2103592960L, 187169620L, 
1744118248L, 352065530L, 2093127376L, 794289452L, -1895986956L, 
2016724882L, 840924256L, 1457454348L, 2018068192L, -1674420894L, 
-1838497112L, -930162100L, -2044381316L, -506533070L, -2115715472L, 
598883652L, 96631768L, -1062088582L, -2055952848L, -1438446916L, 
-1237620908L, 1626659394L, -1343116384L, 1793624252L, 16523728L, 
-1859926686L, 743035880L, 168654796L, -1790167300L, -2013868046L, 
790551680L, 461953268L, 1903228040L, 1347708218L, 1342751568L, 
205851756L, -1112063852L, 1542429010L, -953893152L, -2083950388L, 
1370093728L, 1915337090L, -941836056L, -1575388948L, 1646540860L, 
653787250L, -1845303184L, -180403676L, 1938817592L, 2104625690L, 
-1786023728L, -1322617284L, -623063916L, 1793676418L, 269977536L, 
-761254596L, -276619632L, 300168226L, -1828646904L, 252517516L, 
69566492L, 1520534674L, 1001467008L, -2014010348L, -699276504L, 
1332524090L, 2122001616L, -2004282260L, -936298828L, -555761646L, 
1387003872L, -130552884L, 495853024L, -1507963870L, 1126896936L, 
-1044547316L, 1155812924L, 1049871602L, -1704978192L, -314730684L, 
902058072L, -1057529286L, -1711929104L, -1164369220L, 877513236L, 
-1187771198L, -1657989536L, 1934026108L, -993680176L, 1400312866L, 
-668178264L, -232874612L, -863567428L, 788580402L, -512928960L, 
1915657908L, 1563824456L, 1810338490L, 1389551376L, -1369710356L, 
-1051248556L, 1424574226L, -1083686496L, 1644865484L, 1248436064L, 
-660861758L, -2113810904L, -1996396116L, 1824072508L, -209075342L, 
-382398672L, -1963810780L, 1048534584L, -492686630L, 2062563216L, 
-467774212L, -569643628L, 915374914L, -1136391680L, 721831996L, 
-1974525360L, 1156718754L, -1691360440L, -887375348L, -119940388L, 
-911888302L, 1483738240L, -987183276L, -464117784L, -566119686L, 
1378395984L, -1454586836L, -2007398028L, -1507307886L, 452608608L, 
1159704716L, 1722470752L, 1713830114L, 414051496L, -767641908L, 
1797192188L, 1684630450L, 1342030832L, 1498595780L, 2065497432L, 
-729960070L, 310325680L, -101013060L, -2055741868L, 900741570L, 
-1086545120L, 1705186236L, 1006973008L, 109714402L, 1865891688L, 
-956844212L, -1535774980L, -2128107790L, -580903680L, 1745017972L, 
217370120L, 1915233722L, 1062397392L, 43771884L, -1938543724L, 
1994164434L, -641289120L, 1774546252L, 1763758880L, -576779646L, 
-472034840L, 1640258540L, -2023076292L, 679626354L, 1001859952L, 
-287036124L, -79816136L, 341049754L, -1097257520L, -1626192452L, 
1796451988L, -1664798078L, -348344896L, -1145039044L, -695991664L, 
1786734370L, -1243118072L, 1462264588L, 697537436L, -1188291566L, 
-1798165632L, 220326676L, 1539241256L, -1276215238L, -1572260912L, 
1192311404L, -225768396L, -133271406L, -1344710304L, -74638004L, 
397489632L, 249420706L, 1469430696L, -945247092L, -1320721476L, 
-1520806798L, -2048202768L, 1869149252L, 824797272L, 2090897466L, 
2053204080L, 1478577724L, 953927444L, -1396217150L, -215510304L, 
-1508724824L, 607601937L, -1824113661L, -92096764L, -92161230L, 
1067514247L, 1130602449L, -453750442L, -382431436L, 1224094277L, 
1573166735L, -1490987000L, 557050918L, -1635719981L, 54978101L, 
-235905646L, -603610784L, -1789544247L, 366353403L, -235693108L, 
1040373338L, 1957477199L, -1129663975L, 1996640302L, -1883693508L, 
832770989L, -1293804457L, -301442656L, 972292862L, 760385995L, 
-1999251507L, 2084870906L, -1033567944L, -657724703L, -2071650925L, 
-1677113932L, 935925442L, 676361943L, 693204769L, -353964314L, 
-1733056540L, 534976277L, 1678839615L, -1079235880L, 263950070L, 
-772036349L, 1817573957L, -1628669342L, -205448752L, -227096839L, 
-1168206805L, 1124750236L, 62589898L, -1982708545L, -495917559L, 
833335070L, 395007692L, -1426147683L, -893844697L, 686959952L, 
1307268078L, -104538981L, -1232980227L, 1695071722L, -191803768L, 
-165054415L, 1041547939L, 53414564L, -519480494L, -118869337L, 
-1845752079L, -2009539018L, 1280099028L, -723544475L, 1238713455L, 
39272104L, -2033542138L, -414439117L, 1798059413L, 231545330L, 
-1000319424L, 668759977L, 1832024603L, 1585861612L, 674149370L, 
2005549103L, 1422356537L, 1456079438L, 1638843036L, -705837043L, 
-157100937L, 1020429440L, 1915081438L, 474186155L, -1565640019L, 
1360895770L, 1342357464L, 1918110785L, -502564109L, -1684718316L, 
-42071902L, -1526512201L, -409478783L, 1768087430L, -1772630588L, 
-1778012939L, -1818376865L, -1287592008L, 290769558L, -1092782941L, 
2074922597L, 85506946L, -870156048L, -164568935L, -459589493L, 
-2092424836L, 80306090L, 551165919L, -871543447L, 905556350L, 
308322668L, 1218058685L, -1219343737L, 1326321264L, 233461006L, 
1351301691L, 40501533L, 1675178954L, -1940149016L, -795570223L, 
-2081545789L, -1186067772L, -885372558L, -782035897L, -1110460399L, 
867606934L, -25430796L, 1794375301L, 1466980303L, 2132498120L, 
-1139044506L, 1883829651L, 267814645L, 1686054610L, -2137755360L, 
